0 930.000000 936.000000
1 780.000000 890.000000
2 760.000000 863.000000
3 740.000000 812.500000
4 740.000000 789.500000
5 690.000000 773.000000
6 690.000000 766.000000
7 690.000000 757.000000
8 690.000000 755.000000
9 690.000000 748.000000
10 690.000000 745.500000
11 690.000000 744.000000
12 690.000000 739.000000
13 690.000000 735.000000
14 630.000000 721.000000
15 630.000000 716.500000
16 600.000000 706.000000
17 600.000000 688.000000
18 600.000000 679.000000
19 600.000000 663.000000
20 600.000000 658.500000
21 600.000000 648.500000
22 600.000000 642.500000
23 600.000000 633.000000
24 600.000000 619.500000
25 600.000000 617.000000
26 600.000000 617.000000
27 600.000000 617.000000
28 600.000000 617.000000
29 600.000000 617.000000
30 580.000000 615.000000
31 580.000000 613.000000
32 580.000000 611.000000
33 500.000000 599.000000
34 500.000000 589.000000
35 500.000000 588.000000
36 500.000000 574.000000
37 500.000000 567.000000
38 500.000000 559.500000
39 500.000000 557.000000
40 500.000000 553.500000
41 500.000000 546.500000
42 500.000000 537.000000
43 500.000000 532.000000
44 500.000000 522.500000
45 500.000000 514.500000
46 500.000000 512.000000
47 500.000000 502.000000
48 500.000000 500.000000
49 500.000000 500.000000
50 500.000000 500.000000
51 500.000000 500.000000
52 500.000000 500.000000
53 500.000000 500.000000
54 500.000000 500.000000
55 500.000000 500.000000
56 500.000000 500.000000
57 500.000000 500.000000
58 500.000000 500.000000
59 500.000000 500.000000
60 500.000000 500.000000
61 500.000000 500.000000
62 500.000000 500.000000
63 500.000000 500.000000
64 500.000000 500.000000
65 500.000000 500.000000
66 500.000000 500.000000
67 500.000000 500.000000
68 500.000000 500.000000
69 500.000000 500.000000
70 500.000000 500.000000
71 500.000000 500.000000
72 500.000000 500.000000
73 500.000000 500.000000
74 500.000000 500.000000
75 500.000000 500.000000
76 500.000000 500.000000
77 500.000000 500.000000
78 500.000000 500.000000
79 500.000000 500.000000
80 500.000000 500.000000
81 500.000000 500.000000
82 500.000000 500.000000
83 500.000000 500.000000
84 500.000000 500.000000
85 500.000000 500.000000
86 500.000000 500.000000
87 500.000000 500.000000
88 500.000000 500.000000
89 500.000000 500.000000
90 500.000000 500.000000
91 500.000000 500.000000
92 500.000000 500.000000
93 500.000000 500.000000
94 500.000000 500.000000
95 500.000000 500.000000
96 500.000000 500.000000
97 500.000000 500.000000
98 500.000000 500.000000
99 500.000000 500.000000
100 500.000000 500.000000
101 500.000000 500.000000
102 500.000000 500.000000
103 500.000000 500.000000
104 500.000000 500.000000
105 500.000000 500.000000
106 500.000000 500.000000
107 500.000000 500.000000
108 500.000000 500.000000
109 500.000000 500.000000
110 500.000000 500.000000
111 500.000000 500.000000
112 500.000000 500.000000
113 500.000000 500.000000
114 500.000000 500.000000
115 500.000000 500.000000
116 500.000000 500.000000
117 500.000000 500.000000
118 500.000000 500.000000
119 500.000000 500.000000
120 500.000000 500.000000
121 500.000000 500.000000
122 500.000000 500.000000
123 500.000000 500.000000
124 500.000000 500.000000
125 500.000000 500.000000
126 500.000000 500.000000
127 500.000000 500.000000
128 500.000000 500.000000
129 500.000000 500.000000
130 500.000000 500.000000
131 500.000000 500.000000
132 500.000000 500.000000
133 500.000000 500.000000
134 500.000000 500.000000
135 500.000000 500.000000
136 500.000000 500.000000
137 500.000000 500.000000
138 500.000000 500.000000
139 500.000000 500.000000
140 500.000000 500.000000
141 500.000000 500.000000
142 500.000000 500.000000
143 500.000000 500.000000
144 500.000000 500.000000
145 500.000000 500.000000
146 500.000000 500.000000
147 500.000000 500.000000
148 500.000000 500.000000
149 500.000000 500.000000
150 500.000000 500.000000
151 500.000000 500.000000
152 500.000000 500.000000
153 500.000000 500.000000
154 500.000000 500.000000
155 500.000000 500.000000
156 500.000000 500.000000
157 500.000000 500.000000
158 500.000000 500.000000
159 500.000000 500.000000
160 500.000000 500.000000
161 500.000000 500.000000
162 500.000000 500.000000
163 500.000000 500.000000
164 500.000000 500.000000
165 500.000000 500.000000
166 500.000000 500.000000
167 500.000000 500.000000
168 500.000000 500.000000
169 500.000000 500.000000
170 500.000000 500.000000
171 500.000000 500.000000
172 500.000000 500.000000
173 500.000000 500.000000
174 500.000000 500.000000
175 500.000000 500.000000
176 500.000000 500.000000
177 500.000000 500.000000
178 500.000000 500.000000
179 500.000000 500.000000
180 500.000000 500.000000
181 500.000000 500.000000
182 500.000000 500.000000
183 500.000000 500.000000
184 500.000000 500.000000
185 500.000000 500.000000
186 500.000000 500.000000
187 500.000000 500.000000
188 500.000000 500.000000
189 500.000000 500.000000
190 500.000000 500.000000
191 500.000000 500.000000
192 500.000000 500.000000
193 500.000000 500.000000
194 500.000000 500.000000
195 500.000000 500.000000
196 500.000000 500.000000
197 500.000000 500.000000
198 500.000000 500.000000
199 500.000000 500.000000
200 500.000000 500.000000
