0 940.000000 nan
1 530.000000 nan
2 430.000000 nan
3 430.000000 nan
4 410.000000 nan
5 410.000000 nan
6 410.000000 nan
7 410.000000 nan
8 410.000000 nan
9 410.000000 nan
10 410.000000 nan
11 410.000000 nan
12 400.000000 nan
13 400.000000 nan
14 400.000000 nan
15 400.000000 nan
16 390.000000 nan
17 390.000000 nan
18 390.000000 nan
19 380.000000 nan
20 380.000000 nan
21 380.000000 nan
22 380.000000 nan
23 380.000000 nan
24 380.000000 nan
25 360.000000 nan
26 360.000000 nan
27 360.000000 nan
28 360.000000 nan
29 360.000000 nan
30 360.000000 nan
31 360.000000 nan
32 360.000000 nan
33 360.000000 nan
34 360.000000 nan
35 360.000000 nan
36 360.000000 nan
37 360.000000 nan
38 360.000000 nan
39 360.000000 nan
40 360.000000 nan
41 360.000000 nan
42 360.000000 nan
43 360.000000 nan
44 360.000000 nan
45 360.000000 nan
46 360.000000 nan
47 360.000000 nan
48 360.000000 nan
49 360.000000 nan
50 360.000000 nan
51 360.000000 nan
52 360.000000 nan
53 360.000000 nan
54 360.000000 nan
55 360.000000 nan
56 360.000000 nan
57 360.000000 nan
58 360.000000 nan
59 360.000000 nan
60 360.000000 nan
61 360.000000 nan
62 360.000000 nan
63 360.000000 nan
64 360.000000 nan
65 360.000000 nan
66 360.000000 nan
67 360.000000 nan
68 360.000000 nan
69 360.000000 nan
70 360.000000 nan
71 360.000000 nan
72 360.000000 nan
73 360.000000 nan
74 360.000000 nan
75 360.000000 nan
76 360.000000 nan
77 360.000000 nan
78 360.000000 nan
79 360.000000 nan
80 360.000000 nan
81 360.000000 nan
82 360.000000 nan
83 360.000000 nan
84 360.000000 nan
85 360.000000 nan
86 360.000000 nan
87 360.000000 nan
88 360.000000 nan
89 360.000000 nan
90 360.000000 nan
91 360.000000 nan
92 360.000000 nan
93 360.000000 nan
94 360.000000 nan
95 360.000000 nan
96 360.000000 nan
97 360.000000 nan
98 360.000000 nan
99 360.000000 nan
100 360.000000 nan
101 360.000000 nan
102 360.000000 nan
103 360.000000 nan
104 360.000000 nan
105 360.000000 nan
106 360.000000 nan
107 360.000000 nan
108 360.000000 nan
109 360.000000 nan
110 360.000000 nan
111 360.000000 nan
112 360.000000 nan
113 360.000000 nan
114 360.000000 nan
115 360.000000 nan
116 360.000000 nan
117 360.000000 nan
118 360.000000 nan
119 360.000000 nan
120 360.000000 nan
121 360.000000 nan
122 360.000000 nan
123 360.000000 nan
124 360.000000 nan
125 360.000000 nan
126 360.000000 nan
127 360.000000 nan
128 360.000000 nan
129 360.000000 nan
130 360.000000 nan
131 360.000000 nan
132 360.000000 nan
133 360.000000 nan
134 360.000000 nan
135 360.000000 nan
136 360.000000 nan
137 360.000000 nan
138 360.000000 nan
139 360.000000 nan
140 360.000000 nan
141 360.000000 nan
142 360.000000 nan
143 360.000000 nan
144 360.000000 nan
145 360.000000 nan
146 360.000000 nan
147 360.000000 nan
148 360.000000 nan
149 360.000000 nan
150 360.000000 nan
151 360.000000 nan
152 360.000000 nan
153 360.000000 nan
154 360.000000 nan
155 360.000000 nan
156 360.000000 nan
157 360.000000 nan
158 360.000000 nan
159 360.000000 nan
160 360.000000 nan
161 360.000000 nan
162 360.000000 nan
163 360.000000 nan
164 360.000000 nan
165 360.000000 nan
166 360.000000 nan
167 360.000000 nan
168 360.000000 nan
169 360.000000 nan
170 360.000000 nan
171 360.000000 nan
172 360.000000 nan
173 360.000000 nan
174 360.000000 nan
175 360.000000 nan
176 360.000000 nan
177 360.000000 nan
178 360.000000 nan
179 360.000000 nan
180 360.000000 nan
181 360.000000 nan
182 360.000000 nan
183 360.000000 nan
184 360.000000 nan
185 360.000000 nan
186 360.000000 nan
187 360.000000 nan
188 360.000000 nan
189 360.000000 nan
190 360.000000 nan
191 360.000000 nan
192 360.000000 nan
193 360.000000 nan
194 360.000000 nan
195 360.000000 nan
196 360.000000 nan
197 360.000000 nan
198 360.000000 nan
199 360.000000 nan
200 360.000000 nan
201 360.000000 nan
202 360.000000 nan
203 360.000000 nan
204 360.000000 nan
205 360.000000 nan
206 360.000000 nan
207 360.000000 nan
208 360.000000 nan
209 360.000000 nan
210 360.000000 nan
211 360.000000 nan
212 360.000000 nan
213 360.000000 nan
214 360.000000 nan
215 360.000000 nan
216 360.000000 nan
217 360.000000 nan
218 360.000000 nan
219 360.000000 nan
220 360.000000 nan
221 360.000000 nan
222 360.000000 nan
223 360.000000 nan
224 360.000000 nan
225 360.000000 nan
226 360.000000 nan
227 360.000000 nan
228 360.000000 nan
229 360.000000 nan
230 360.000000 nan
231 360.000000 nan
232 360.000000 nan
233 360.000000 nan
234 360.000000 nan
235 360.000000 nan
236 360.000000 nan
237 360.000000 nan
238 360.000000 nan
239 360.000000 nan
240 360.000000 nan
241 360.000000 nan
242 360.000000 nan
243 360.000000 nan
244 360.000000 nan
245 360.000000 nan
246 360.000000 nan
247 360.000000 nan
248 360.000000 nan
249 360.000000 nan
250 360.000000 nan
251 360.000000 nan
252 360.000000 nan
253 360.000000 nan
254 360.000000 nan
255 360.000000 nan
256 360.000000 nan
257 360.000000 nan
258 360.000000 nan
259 360.000000 nan
260 360.000000 nan
261 360.000000 nan
262 360.000000 nan
263 360.000000 nan
264 360.000000 nan
265 360.000000 nan
266 360.000000 nan
267 360.000000 nan
268 360.000000 nan
269 360.000000 nan
270 360.000000 nan
271 360.000000 nan
272 360.000000 nan
273 360.000000 nan
274 360.000000 nan
275 360.000000 nan
276 360.000000 nan
277 360.000000 nan
278 360.000000 nan
279 360.000000 nan
280 360.000000 nan
281 360.000000 nan
282 360.000000 nan
283 360.000000 nan
284 360.000000 nan
285 360.000000 nan
286 360.000000 nan
287 360.000000 nan
288 360.000000 nan
289 360.000000 nan
290 360.000000 nan
291 360.000000 nan
292 360.000000 nan
293 360.000000 nan
294 360.000000 nan
295 360.000000 nan
296 360.000000 nan
297 360.000000 nan
298 360.000000 nan
299 360.000000 nan
300 360.000000 nan
301 360.000000 nan
302 360.000000 nan
303 360.000000 nan
304 360.000000 nan
305 360.000000 nan
306 360.000000 nan
307 360.000000 nan
308 360.000000 nan
309 360.000000 nan
310 360.000000 nan
311 360.000000 nan
312 360.000000 nan
313 360.000000 nan
314 360.000000 nan
315 360.000000 nan
316 360.000000 nan
317 360.000000 nan
318 360.000000 nan
319 360.000000 nan
320 360.000000 nan
321 360.000000 nan
322 360.000000 nan
323 360.000000 nan
324 360.000000 nan
325 360.000000 nan
326 360.000000 nan
327 360.000000 nan
328 360.000000 nan
329 360.000000 nan
330 360.000000 nan
331 360.000000 nan
332 360.000000 nan
333 360.000000 nan
334 360.000000 nan
335 360.000000 nan
336 360.000000 nan
337 360.000000 nan
338 360.000000 nan
339 360.000000 nan
340 360.000000 nan
341 360.000000 nan
342 360.000000 nan
343 360.000000 nan
344 360.000000 nan
345 360.000000 nan
346 360.000000 nan
347 360.000000 nan
348 360.000000 nan
349 360.000000 nan
350 360.000000 nan
351 360.000000 nan
352 360.000000 nan
353 360.000000 nan
354 360.000000 nan
355 360.000000 nan
356 360.000000 nan
357 360.000000 nan
358 360.000000 nan
359 360.000000 nan
360 360.000000 nan
361 360.000000 nan
362 360.000000 nan
363 360.000000 nan
364 360.000000 nan
365 360.000000 nan
366 360.000000 nan
367 360.000000 nan
368 360.000000 nan
369 360.000000 nan
370 360.000000 nan
371 360.000000 nan
372 360.000000 nan
373 360.000000 nan
374 360.000000 nan
375 360.000000 nan
376 360.000000 nan
377 360.000000 nan
378 360.000000 nan
379 360.000000 nan
380 360.000000 nan
381 360.000000 nan
382 360.000000 nan
383 360.000000 nan
384 360.000000 nan
385 360.000000 nan
386 360.000000 nan
387 360.000000 nan
388 360.000000 nan
389 360.000000 nan
390 350.000000 nan
391 350.000000 nan
392 350.000000 nan
393 350.000000 nan
394 350.000000 nan
395 350.000000 nan
396 350.000000 nan
397 350.000000 nan
398 350.000000 nan
399 350.000000 nan
400 350.000000 nan
401 350.000000 nan
402 350.000000 nan
403 350.000000 nan
404 350.000000 nan
405 350.000000 nan
406 350.000000 nan
407 350.000000 nan
408 350.000000 nan
409 350.000000 nan
410 350.000000 nan
411 350.000000 nan
412 350.000000 nan
413 350.000000 nan
414 350.000000 nan
415 350.000000 nan
416 350.000000 nan
417 350.000000 nan
418 350.000000 nan
419 350.000000 nan
420 350.000000 nan
421 350.000000 nan
422 350.000000 nan
423 350.000000 nan
424 350.000000 nan
425 350.000000 nan
426 350.000000 nan
427 350.000000 nan
428 350.000000 nan
429 350.000000 nan
430 350.000000 nan
431 350.000000 nan
432 350.000000 nan
433 350.000000 nan
434 350.000000 nan
435 350.000000 nan
436 350.000000 nan
437 350.000000 nan
438 350.000000 nan
439 350.000000 nan
440 350.000000 nan
441 350.000000 nan
442 350.000000 nan
443 350.000000 nan
444 350.000000 nan
445 350.000000 nan
446 350.000000 nan
447 350.000000 nan
448 350.000000 nan
449 350.000000 nan
450 350.000000 nan
451 350.000000 nan
452 350.000000 nan
453 350.000000 nan
454 350.000000 nan
455 350.000000 nan
456 350.000000 nan
457 350.000000 nan
458 350.000000 nan
459 350.000000 nan
460 350.000000 nan
461 350.000000 nan
462 350.000000 nan
463 350.000000 nan
464 350.000000 nan
465 350.000000 nan
466 350.000000 nan
467 350.000000 nan
468 350.000000 nan
469 350.000000 nan
470 350.000000 nan
471 350.000000 nan
472 350.000000 nan
473 350.000000 nan
474 350.000000 nan
475 350.000000 nan
476 350.000000 nan
477 350.000000 nan
478 350.000000 nan
479 350.000000 nan
480 350.000000 nan
481 350.000000 nan
482 350.000000 nan
483 350.000000 nan
484 350.000000 nan
485 350.000000 nan
486 350.000000 nan
487 350.000000 nan
488 350.000000 nan
489 350.000000 nan
490 350.000000 nan
491 350.000000 nan
492 350.000000 nan
493 350.000000 nan
494 350.000000 nan
495 350.000000 nan
496 350.000000 nan
497 350.000000 nan
498 350.000000 nan
499 350.000000 nan
