0 660.000000 862.500000
1 660.000000 837.000000
2 640.000000 802.000000
3 640.000000 796.000000
4 610.000000 771.000000
5 610.000000 750.000000
6 610.000000 742.500000
7 610.000000 734.500000
8 610.000000 733.500000
9 600.000000 722.000000
10 600.000000 713.500000
11 600.000000 692.000000
12 600.000000 687.500000
13 600.000000 681.500000
14 600.000000 678.000000
15 590.000000 666.000000
16 550.000000 653.500000
17 550.000000 643.000000
18 550.000000 643.000000
19 550.000000 641.000000
20 550.000000 637.500000
21 550.000000 636.500000
22 550.000000 636.000000
23 550.000000 627.500000
24 550.000000 615.500000
25 550.000000 610.000000
26 550.000000 607.000000
27 550.000000 600.000000
28 550.000000 593.500000
29 550.000000 593.000000
30 550.000000 590.000000
31 550.000000 588.500000
32 550.000000 588.500000
33 550.000000 588.500000
34 550.000000 588.500000
35 550.000000 588.000000
36 550.000000 586.000000
37 550.000000 585.000000
38 550.000000 584.500000
39 550.000000 583.000000
40 520.000000 579.000000
41 520.000000 579.000000
42 520.000000 578.500000
43 520.000000 578.500000
44 520.000000 578.500000
45 520.000000 574.500000
46 520.000000 574.500000
47 520.000000 574.500000
48 520.000000 574.500000
49 520.000000 573.000000
50 520.000000 573.000000
51 520.000000 571.500000
52 520.000000 569.500000
53 520.000000 567.500000
54 500.000000 563.500000
55 500.000000 563.500000
56 500.000000 563.500000
57 500.000000 563.500000
58 500.000000 563.500000
59 500.000000 562.500000
60 500.000000 562.500000
61 500.000000 562.500000
62 500.000000 562.500000
63 500.000000 562.500000
64 500.000000 557.500000
65 500.000000 557.500000
66 500.000000 556.500000
67 500.000000 555.500000
68 500.000000 552.500000
69 500.000000 552.500000
70 500.000000 552.500000
71 500.000000 550.500000
72 500.000000 549.500000
73 500.000000 547.500000
74 500.000000 547.500000
75 500.000000 547.500000
76 500.000000 547.500000
77 500.000000 547.500000
78 490.000000 544.500000
79 490.000000 544.000000
80 490.000000 544.000000
81 490.000000 544.000000
82 490.000000 544.000000
83 490.000000 542.500000
84 490.000000 542.500000
85 490.000000 542.500000
86 490.000000 542.500000
87 490.000000 542.500000
88 490.000000 540.500000
89 490.000000 540.000000
90 490.000000 540.000000
91 490.000000 540.000000
92 490.000000 537.500000
93 490.000000 537.500000
94 490.000000 537.500000
95 490.000000 537.000000
96 490.000000 535.000000
97 490.000000 534.000000
98 490.000000 532.000000
99 490.000000 532.000000
100 490.000000 532.000000
101 490.000000 531.500000
102 490.000000 531.500000
103 490.000000 531.500000
104 490.000000 531.500000
105 490.000000 531.500000
106 490.000000 531.500000
107 490.000000 530.000000
108 490.000000 528.000000
109 490.000000 528.000000
110 490.000000 528.000000
111 490.000000 528.000000
112 490.000000 528.000000
113 490.000000 527.000000
114 490.000000 524.000000
115 490.000000 524.000000
116 490.000000 524.000000
117 490.000000 524.000000
118 490.000000 524.000000
119 490.000000 524.000000
120 490.000000 524.000000
121 490.000000 524.000000
122 490.000000 524.000000
123 470.000000 522.500000
124 470.000000 522.500000
125 470.000000 522.500000
126 470.000000 522.500000
127 470.000000 522.500000
128 470.000000 522.500000
129 470.000000 522.500000
130 470.000000 522.500000
131 470.000000 522.500000
132 470.000000 521.000000
133 470.000000 521.000000
134 470.000000 521.000000
135 470.000000 521.000000
136 470.000000 521.000000
137 470.000000 521.000000
138 470.000000 521.000000
139 470.000000 521.000000
140 470.000000 521.000000
141 470.000000 521.000000
142 470.000000 521.000000
143 470.000000 521.000000
144 470.000000 521.000000
145 470.000000 521.000000
146 470.000000 521.000000
147 470.000000 521.000000
148 470.000000 521.000000
149 470.000000 521.000000
150 470.000000 521.000000
151 470.000000 519.500000
152 470.000000 519.500000
153 470.000000 519.500000
154 470.000000 519.500000
155 470.000000 519.500000
156 470.000000 519.500000
157 470.000000 519.500000
158 470.000000 519.500000
159 470.000000 519.500000
160 470.000000 519.500000
161 470.000000 519.500000
162 470.000000 519.500000
163 470.000000 519.500000
164 470.000000 519.500000
165 470.000000 519.500000
166 470.000000 519.500000
167 470.000000 519.500000
168 470.000000 519.500000
169 470.000000 519.500000
170 470.000000 519.500000
171 470.000000 519.500000
172 470.000000 519.500000
173 470.000000 519.500000
174 470.000000 518.500000
175 470.000000 518.500000
176 470.000000 518.500000
177 470.000000 518.500000
178 470.000000 518.500000
179 470.000000 518.500000
180 470.000000 518.000000
181 470.000000 518.000000
182 470.000000 518.000000
183 470.000000 518.000000
184 470.000000 517.500000
185 470.000000 517.500000
186 470.000000 517.500000
187 470.000000 517.500000
188 470.000000 517.500000
189 470.000000 517.500000
190 470.000000 517.500000
191 470.000000 517.500000
192 470.000000 517.500000
193 470.000000 517.500000
194 470.000000 517.500000
195 470.000000 517.500000
196 470.000000 517.000000
197 470.000000 517.000000
198 470.000000 517.000000
199 470.000000 517.000000
