0 620.000000 858.500000
1 510.000000 805.000000
2 510.000000 781.500000
3 510.000000 734.000000
4 450.000000 696.000000
5 450.000000 688.500000
6 450.000000 668.500000
7 450.000000 646.500000
8 450.000000 633.000000
9 450.000000 619.500000
10 450.000000 603.000000
11 450.000000 595.000000
12 450.000000 594.500000
13 450.000000 587.000000
14 450.000000 586.000000
15 450.000000 582.000000
16 450.000000 578.000000
17 450.000000 575.000000
18 440.000000 564.000000
19 440.000000 564.000000
20 440.000000 562.000000
21 440.000000 560.000000
22 440.000000 558.500000
23 440.000000 558.500000
24 440.000000 557.000000
25 430.000000 538.500000
26 430.000000 536.000000
27 380.000000 527.500000
28 380.000000 525.000000
29 380.000000 525.000000
30 380.000000 515.500000
31 380.000000 506.500000
32 380.000000 504.500000
33 380.000000 504.500000
34 380.000000 499.500000
35 380.000000 499.500000
36 380.000000 499.500000
37 380.000000 495.500000
38 380.000000 492.500000
39 380.000000 488.500000
40 380.000000 488.500000
41 380.000000 488.500000
42 380.000000 488.000000
43 380.000000 488.000000
44 380.000000 484.000000
45 380.000000 480.000000
46 380.000000 480.000000
47 380.000000 480.000000
48 380.000000 478.000000
49 380.000000 476.000000
50 380.000000 474.000000
51 380.000000 469.500000
52 380.000000 469.500000
53 380.000000 469.500000
54 380.000000 462.000000
55 380.000000 462.000000
56 380.000000 462.000000
57 380.000000 461.500000
58 380.000000 461.500000
59 380.000000 460.000000
60 380.000000 457.000000
61 380.000000 457.000000
62 380.000000 457.000000
63 380.000000 457.000000
64 380.000000 457.000000
65 380.000000 457.000000
66 380.000000 456.000000
67 380.000000 455.000000
68 380.000000 455.000000
69 380.000000 455.000000
70 380.000000 455.000000
71 380.000000 455.000000
72 380.000000 455.000000
73 380.000000 454.000000
74 380.000000 454.000000
75 380.000000 454.000000
76 380.000000 454.000000
77 380.000000 454.000000
78 380.000000 452.500000
79 380.000000 452.500000
80 380.000000 452.500000
81 380.000000 452.500000
82 380.000000 452.500000
83 380.000000 452.500000
84 380.000000 452.500000
85 380.000000 451.000000
86 380.000000 451.000000
87 380.000000 451.000000
88 380.000000 451.000000
89 380.000000 451.000000
90 380.000000 449.000000
91 380.000000 449.000000
92 380.000000 449.000000
93 380.000000 443.500000
94 380.000000 443.500000
95 380.000000 442.500000
96 380.000000 441.500000
97 380.000000 441.500000
98 380.000000 441.500000
99 380.000000 441.500000
100 380.000000 441.500000
101 380.000000 440.000000
102 380.000000 440.000000
103 380.000000 440.000000
104 380.000000 437.000000
105 380.000000 436.000000
106 380.000000 435.500000
107 380.000000 435.500000
108 380.000000 435.500000
109 380.000000 435.500000
110 380.000000 435.500000
111 380.000000 435.500000
112 380.000000 435.500000
113 380.000000 433.500000
114 380.000000 433.500000
115 380.000000 433.500000
116 380.000000 433.500000
117 380.000000 433.500000
118 380.000000 433.000000
119 380.000000 433.000000
120 380.000000 433.000000
121 380.000000 433.000000
122 380.000000 433.000000
123 380.000000 433.000000
124 380.000000 433.000000
125 380.000000 433.000000
126 380.000000 433.000000
127 380.000000 433.000000
128 380.000000 433.000000
129 380.000000 433.000000
130 380.000000 433.000000
131 380.000000 433.000000
132 380.000000 433.000000
133 380.000000 433.000000
134 380.000000 433.000000
135 380.000000 433.000000
136 380.000000 433.000000
137 380.000000 433.000000
138 380.000000 433.000000
139 380.000000 433.000000
140 380.000000 433.000000
141 380.000000 431.500000
142 380.000000 431.500000
143 380.000000 431.500000
144 380.000000 431.500000
145 380.000000 431.500000
146 380.000000 431.500000
147 380.000000 431.500000
148 380.000000 431.500000
149 380.000000 431.500000
150 380.000000 431.500000
151 380.000000 431.500000
152 380.000000 430.000000
153 380.000000 430.000000
154 380.000000 430.000000
155 380.000000 430.000000
156 380.000000 430.000000
157 380.000000 430.000000
158 380.000000 430.000000
159 380.000000 430.000000
160 380.000000 430.000000
161 380.000000 430.000000
162 380.000000 430.000000
163 380.000000 430.000000
164 380.000000 430.000000
165 380.000000 430.000000
166 380.000000 430.000000
167 380.000000 430.000000
168 380.000000 430.000000
169 380.000000 430.000000
170 380.000000 430.000000
171 380.000000 430.000000
172 380.000000 430.000000
173 380.000000 430.000000
174 380.000000 428.500000
175 380.000000 428.500000
176 380.000000 428.500000
177 380.000000 428.500000
178 380.000000 428.500000
179 380.000000 428.000000
180 380.000000 428.000000
181 380.000000 428.000000
182 380.000000 428.000000
183 380.000000 428.000000
184 380.000000 428.000000
185 380.000000 428.000000
186 380.000000 428.000000
187 380.000000 428.000000
188 380.000000 428.000000
189 380.000000 428.000000
190 380.000000 428.000000
191 380.000000 428.000000
192 380.000000 428.000000
193 380.000000 428.000000
194 380.000000 428.000000
195 380.000000 428.000000
196 380.000000 428.000000
197 380.000000 428.000000
198 380.000000 428.000000
199 380.000000 428.000000
