0 560.000000 700.000000
1 560.000000 770.000000
2 560.000000 790.000000
3 560.000000 810.000000
4 560.000000 770.000000
5 560.000000 760.000000
6 560.000000 830.000000
7 560.000000 870.000000
8 560.000000 880.000000
9 560.000000 800.000000
10 560.000000 880.000000
11 560.000000 740.000000
12 560.000000 700.000000
13 560.000000 700.000000
14 560.000000 700.000000
15 560.000000 700.000000
16 560.000000 700.000000
17 560.000000 700.000000
18 560.000000 700.000000
19 560.000000 680.000000
20 560.000000 680.000000
21 560.000000 680.000000
22 560.000000 680.000000
23 560.000000 680.000000
24 560.000000 680.000000
25 560.000000 680.000000
26 560.000000 660.000000
27 560.000000 660.000000
28 560.000000 660.000000
29 560.000000 580.000000
30 560.000000 580.000000
31 560.000000 580.000000
32 560.000000 580.000000
33 560.000000 580.000000
34 560.000000 580.000000
35 560.000000 580.000000
36 560.000000 580.000000
37 560.000000 580.000000
38 560.000000 580.000000
39 560.000000 580.000000
40 560.000000 580.000000
41 560.000000 580.000000
42 560.000000 580.000000
43 560.000000 580.000000
44 560.000000 580.000000
45 560.000000 560.000000
46 560.000000 560.000000
47 560.000000 560.000000
48 560.000000 560.000000
49 560.000000 560.000000
50 540.000000 540.000000
51 510.000000 510.000000
52 510.000000 510.000000
53 490.000000 490.000000
54 490.000000 490.000000
55 490.000000 490.000000
56 490.000000 490.000000
57 490.000000 490.000000
58 490.000000 490.000000
59 490.000000 490.000000
60 490.000000 490.000000
61 470.000000 470.000000
62 470.000000 470.000000
63 470.000000 470.000000
64 470.000000 470.000000
65 470.000000 470.000000
66 470.000000 470.000000
67 470.000000 470.000000
68 470.000000 470.000000
69 470.000000 470.000000
70 470.000000 470.000000
