0 790.000000 nan
1 790.000000 nan
2 770.000000 nan
3 770.000000 nan
4 750.000000 nan
5 750.000000 nan
6 710.000000 nan
7 710.000000 nan
8 680.000000 nan
9 680.000000 nan
10 680.000000 nan
11 680.000000 nan
12 680.000000 nan
13 660.000000 nan
14 650.000000 nan
15 640.000000 nan
16 640.000000 nan
17 600.000000 nan
18 600.000000 nan
19 600.000000 nan
20 600.000000 nan
21 600.000000 nan
22 600.000000 nan
23 600.000000 nan
24 580.000000 nan
25 580.000000 nan
26 580.000000 nan
27 580.000000 nan
28 580.000000 nan
29 580.000000 nan
30 580.000000 nan
31 580.000000 nan
32 580.000000 nan
33 580.000000 nan
34 580.000000 nan
35 570.000000 nan
36 570.000000 nan
37 570.000000 nan
38 570.000000 nan
39 570.000000 nan
40 570.000000 nan
41 570.000000 nan
42 570.000000 nan
43 570.000000 nan
44 570.000000 nan
45 560.000000 nan
46 560.000000 nan
47 560.000000 nan
48 560.000000 nan
49 560.000000 nan
50 560.000000 nan
51 560.000000 nan
52 560.000000 nan
53 560.000000 nan
54 560.000000 nan
55 540.000000 nan
56 540.000000 nan
57 540.000000 nan
58 540.000000 nan
59 540.000000 nan
60 540.000000 nan
61 510.000000 nan
62 510.000000 nan
63 510.000000 nan
64 510.000000 nan
65 510.000000 nan
66 510.000000 nan
67 510.000000 nan
68 510.000000 nan
69 510.000000 nan
70 510.000000 nan
71 510.000000 nan
72 510.000000 nan
73 510.000000 nan
74 510.000000 nan
75 510.000000 nan
76 510.000000 nan
77 510.000000 nan
78 510.000000 nan
79 510.000000 nan
80 510.000000 nan
81 510.000000 nan
82 510.000000 nan
83 510.000000 nan
84 510.000000 nan
85 510.000000 nan
86 500.000000 nan
87 500.000000 nan
88 500.000000 nan
89 500.000000 nan
90 500.000000 nan
91 500.000000 nan
92 500.000000 nan
93 500.000000 nan
94 450.000000 nan
95 450.000000 nan
96 450.000000 nan
97 450.000000 nan
98 450.000000 nan
99 450.000000 nan
100 450.000000 nan
101 450.000000 nan
102 450.000000 nan
103 450.000000 nan
104 450.000000 nan
105 450.000000 nan
106 450.000000 nan
107 450.000000 nan
108 450.000000 nan
109 450.000000 nan
110 450.000000 nan
111 450.000000 nan
112 450.000000 nan
113 450.000000 nan
114 450.000000 nan
115 450.000000 nan
116 450.000000 nan
117 450.000000 nan
118 450.000000 nan
119 450.000000 nan
120 450.000000 nan
121 450.000000 nan
122 450.000000 nan
123 450.000000 nan
124 450.000000 nan
125 450.000000 nan
126 450.000000 nan
127 450.000000 nan
128 450.000000 nan
129 450.000000 nan
130 450.000000 nan
131 450.000000 nan
132 450.000000 nan
133 450.000000 nan
134 450.000000 nan
135 450.000000 nan
136 450.000000 nan
137 450.000000 nan
138 450.000000 nan
139 450.000000 nan
140 450.000000 nan
141 450.000000 nan
142 450.000000 nan
143 450.000000 nan
144 450.000000 nan
145 440.000000 nan
146 440.000000 nan
147 440.000000 nan
148 440.000000 nan
149 440.000000 nan
150 440.000000 nan
151 440.000000 nan
152 440.000000 nan
153 440.000000 nan
154 440.000000 nan
155 440.000000 nan
156 430.000000 nan
157 430.000000 nan
158 430.000000 nan
159 430.000000 nan
160 430.000000 nan
161 430.000000 nan
162 430.000000 nan
163 430.000000 nan
164 430.000000 nan
165 430.000000 nan
166 430.000000 nan
167 410.000000 nan
168 410.000000 nan
169 410.000000 nan
170 410.000000 nan
171 410.000000 nan
172 410.000000 nan
173 410.000000 nan
174 410.000000 nan
175 410.000000 nan
176 410.000000 nan
177 410.000000 nan
178 410.000000 nan
179 410.000000 nan
180 410.000000 nan
181 410.000000 nan
182 410.000000 nan
183 410.000000 nan
184 410.000000 nan
185 410.000000 nan
186 410.000000 nan
187 410.000000 nan
188 410.000000 nan
189 410.000000 nan
190 410.000000 nan
191 410.000000 nan
192 410.000000 nan
193 410.000000 nan
194 410.000000 nan
195 410.000000 nan
196 410.000000 nan
197 410.000000 nan
198 410.000000 nan
199 410.000000 nan
