0 730
1 700
2 700
3 700
4 700
5 700
6 700
7 700
8 700
9 700
10 700
11 700
12 700
13 700
14 700
15 700
16 700
17 700
18 700
19 700
20 700
21 700
22 700
23 700
24 700
25 700
26 700
27 660
28 660
29 590
30 590
31 590
32 590
33 590
34 590
35 590
36 590
37 590
38 590
39 590
40 590
41 590
42 590
43 590
44 590
45 590
46 590
47 590
48 590
49 590
50 590
51 590
52 590
53 590
54 590
55 590
56 590
57 590
58 590
59 590
60 590
61 590
62 590
63 590
64 590
65 590
66 590
67 590
68 590
69 590
70 590
71 580
72 580
73 580
74 580
75 580
76 580
77 580
78 580
79 580
80 580
81 580
82 580
83 580
84 580
85 580
86 580
87 580
88 580
89 580
90 580
91 580
92 580
93 580
94 580
95 580
96 580
97 580
98 580
99 580
100 580
101 580
102 580
103 580
104 580
105 580
106 580
107 580
108 580
109 580
110 580
111 580
112 580
113 580
114 580
115 580
116 580
117 580
118 580
119 580
120 580
121 580
122 580
123 580
124 580
125 580
126 580
127 580
128 580
129 580
130 580
131 580
132 580
133 580
134 580
135 580
136 580
137 580
138 580
139 580
140 580
141 580
142 580
143 580
144 580
145 580
146 580
147 580
148 580
149 580
150 580
151 580
152 580
153 580
154 580
155 580
156 580
157 580
158 580
159 580
160 580
161 580
162 580
163 580
164 580
165 580
166 580
167 580
168 580
169 580
170 580
171 580
172 580
173 580
174 580
175 580
176 580
177 580
178 580
179 580
180 580
181 580
182 580
183 580
184 580
185 580
186 580
187 580
188 580
189 580
190 580
191 580
192 580
193 580
194 580
195 580
196 580
197 580
198 580
199 580
200 580
