=== Best Solution ===
ss: 0     19    18    17    16    15    14    4     13    2     7     12    11    10    1     3     9     8     5     6     
ms: 0     1     1     1     0     1     1     2     0     2     0     2     2     2     3     3     3     3     3     0     
makespan = 510


=== Best Solution ===
ss: 19    14    12    10    4     5     6     7     8     9     2     11    0     13    1     15    16    17    18    3     
ms: 0     0     0     0     0     1     1     1     1     1     2     2     2     2     2     3     3     3     3     3     
makespan = 550


=== Best Solution ===
ss: 6     19    18    3     17    16    4     5     15    14    0     13    7     12    11    10    2     1     9     8
ms: 0     1     0     1     1     1     1     2     0     2     2     0     2     0     2     3     3     3     3     3
makespan = 470


=== Best Solution ===
ss: 13    19    6     18    17    4     16    15    1     14    7     12    5     11    2     0     10    3     9     8
ms: 1     1     0     1     1     1     0     2     0     2     2     0     2     0     2     3     3     3     3     3
makespan = 470


=== Best Solution ===
ss: 5     8     0     4     15    11    2     3     6     10    13    18    12    16    1     7     14    19    9     17
ms: 3     3     0     3     0     1     2     3     3     0     2     1     2     0     2     1     2     0     1     1
makespan = 480