0 1009.700000 nan
1 748.600000 nan
2 747.700000 nan
3 686.900000 nan
4 624.100000 nan
5 518.300000 nan
6 518.300000 nan
7 518.300000 nan
8 518.300000 nan
9 518.300000 nan
10 518.300000 nan
11 498.700000 nan
12 498.700000 nan
13 498.700000 nan
14 498.700000 nan
15 481.600000 nan
16 481.600000 nan
17 439.800000 nan
18 439.800000 nan
19 439.800000 nan
20 439.800000 nan
21 439.800000 nan
22 439.800000 nan
23 439.800000 nan
24 396.700000 nan
25 396.700000 nan
26 396.700000 nan
27 396.700000 nan
28 396.700000 nan
29 396.700000 nan
30 396.700000 nan
31 396.700000 nan
32 396.700000 nan
33 396.700000 nan
34 396.700000 nan
35 396.700000 nan
36 396.700000 nan
37 396.700000 nan
38 396.700000 nan
39 396.700000 nan
40 396.700000 nan
41 396.700000 nan
42 396.700000 nan
43 396.700000 nan
44 396.700000 nan
45 396.700000 nan
46 396.700000 nan
47 396.700000 nan
48 396.700000 nan
49 396.700000 nan
50 396.700000 nan
51 396.700000 nan
52 396.700000 nan
53 396.700000 nan
54 396.700000 nan
55 396.700000 nan
56 396.700000 nan
57 396.700000 nan
58 396.700000 nan
59 396.700000 nan
60 396.700000 nan
61 396.700000 nan
62 396.700000 nan
63 396.700000 nan
64 396.700000 nan
65 396.700000 nan
66 396.700000 nan
67 396.700000 nan
68 396.700000 nan
69 396.700000 nan
70 396.700000 nan
71 396.700000 nan
72 396.700000 nan
73 396.700000 nan
74 396.700000 nan
75 396.700000 nan
76 396.700000 nan
77 396.700000 nan
78 396.700000 nan
79 396.700000 nan
80 396.700000 nan
81 396.700000 nan
82 396.700000 nan
83 396.700000 nan
84 396.700000 nan
85 396.700000 nan
86 396.700000 nan
87 396.700000 nan
88 396.700000 nan
89 396.700000 nan
90 396.700000 nan
91 396.700000 nan
92 396.700000 nan
93 396.700000 nan
94 396.700000 nan
95 396.700000 nan
96 396.700000 nan
97 396.700000 nan
98 396.700000 nan
99 396.700000 nan
100 396.700000 nan
101 396.700000 nan
102 396.700000 nan
103 396.700000 nan
104 377.600000 nan
105 377.600000 nan
106 377.600000 nan
107 377.600000 nan
108 377.600000 nan
109 377.600000 nan
110 377.600000 nan
111 377.600000 nan
112 377.600000 nan
113 377.600000 nan
114 377.600000 nan
115 377.600000 nan
116 377.600000 nan
117 377.600000 nan
118 377.600000 nan
119 377.600000 nan
120 377.600000 nan
121 377.600000 nan
122 377.600000 nan
123 377.600000 nan
124 377.600000 nan
125 377.600000 nan
126 377.600000 nan
127 377.600000 nan
128 377.600000 nan
129 377.600000 nan
130 377.600000 nan
131 377.600000 nan
132 377.600000 nan
133 377.600000 nan
134 377.600000 nan
135 377.600000 nan
136 377.600000 nan
137 377.600000 nan
138 377.600000 nan
139 377.600000 nan
140 377.600000 nan
141 377.600000 nan
142 377.600000 nan
143 377.600000 nan
144 377.600000 nan
145 377.600000 nan
146 377.600000 nan
147 377.600000 nan
148 377.600000 nan
149 377.600000 nan
150 377.600000 nan
151 377.600000 nan
152 377.600000 nan
153 377.600000 nan
154 377.600000 nan
155 377.600000 nan
156 377.600000 nan
157 377.600000 nan
158 377.600000 nan
159 377.600000 nan
160 377.600000 nan
161 377.600000 nan
162 377.600000 nan
163 377.600000 nan
164 377.600000 nan
165 377.600000 nan
166 377.600000 nan
167 377.600000 nan
168 377.600000 nan
169 377.600000 nan
170 377.600000 nan
171 364.200000 nan
172 364.200000 nan
173 364.200000 nan
174 364.200000 nan
175 364.200000 nan
176 364.200000 nan
177 364.200000 nan
178 364.200000 nan
179 364.200000 nan
180 364.200000 nan
181 364.200000 nan
182 364.200000 nan
183 364.200000 nan
184 364.200000 nan
185 364.200000 nan
186 364.200000 nan
187 364.200000 nan
188 364.200000 nan
189 364.200000 nan
190 364.200000 nan
191 364.200000 nan
192 364.200000 nan
193 364.200000 nan
194 364.200000 nan
195 364.200000 nan
196 364.200000 nan
197 364.200000 nan
198 364.200000 nan
199 364.200000 nan
