0 801.900000 801.900000
1 736.500000 736.500000
2 643.000000 643.000000
3 643.000000 643.000000
4 643.000000 643.000000
5 642.000000 642.000000
6 634.000000 634.000000
7 634.000000 634.000000
8 618.500000 618.500000
9 568.700000 568.700000
10 568.700000 568.700000
11 568.700000 568.700000
12 568.700000 568.700000
13 507.600000 507.600000
14 448.700000 448.700000
15 448.700000 448.700000
16 448.700000 448.700000
17 448.700000 448.700000
18 448.700000 448.700000
19 448.700000 448.700000
20 448.700000 448.700000
21 448.700000 448.700000
22 448.700000 448.700000
23 448.700000 448.700000
24 448.700000 448.700000
25 448.700000 448.700000
26 448.700000 448.700000
27 448.700000 448.700000
28 448.700000 448.700000
29 448.700000 448.700000
30 448.700000 448.700000
31 448.700000 448.700000
32 448.700000 448.700000
33 448.700000 448.700000
34 448.700000 448.700000
35 448.700000 448.700000
36 448.700000 448.700000
37 448.700000 448.700000
38 448.700000 448.700000
39 448.700000 448.700000
40 448.700000 448.700000
41 448.700000 448.700000
42 448.700000 448.700000
43 448.700000 448.700000
44 448.700000 448.700000
45 448.700000 448.700000
46 448.700000 448.700000
47 448.700000 448.700000
48 448.700000 448.700000
49 448.700000 448.700000
50 448.700000 448.700000
51 445.800000 445.800000
52 436.200000 436.200000
53 436.200000 436.200000
54 436.200000 436.200000
55 436.200000 436.200000
56 436.200000 436.200000
57 436.200000 436.200000
58 436.200000 436.200000
59 436.200000 436.200000
60 414.000000 414.000000
61 402.700000 402.700000
62 402.700000 402.700000
63 402.700000 402.700000
64 402.700000 402.700000
65 402.700000 402.700000
66 402.700000 402.700000
67 402.700000 402.700000
68 402.700000 402.700000
69 402.700000 402.700000
70 402.700000 402.700000
71 366.000000 366.000000
72 366.000000 366.000000
73 366.000000 366.000000
74 366.000000 366.000000
75 366.000000 366.000000
76 366.000000 366.000000
77 366.000000 366.000000
78 366.000000 366.000000
79 366.000000 366.000000
80 366.000000 366.000000
81 366.000000 366.000000
82 366.000000 366.000000
83 366.000000 366.000000
84 366.000000 366.000000
85 366.000000 366.000000
86 366.000000 366.000000
87 366.000000 366.000000
88 366.000000 366.000000
89 366.000000 366.000000
90 366.000000 366.000000
91 366.000000 366.000000
92 366.000000 366.000000
93 366.000000 366.000000
94 366.000000 366.000000
95 366.000000 366.000000
96 366.000000 366.000000
97 366.000000 366.000000
98 366.000000 366.000000
99 366.000000 366.000000
100 366.000000 366.000000
101 366.000000 366.000000
102 366.000000 366.000000
103 366.000000 366.000000
104 366.000000 366.000000
105 366.000000 366.000000
106 366.000000 366.000000
107 366.000000 366.000000
108 366.000000 366.000000
109 366.000000 366.000000
110 366.000000 366.000000
111 366.000000 366.000000
112 366.000000 366.000000
113 366.000000 366.000000
114 366.000000 366.000000
115 366.000000 366.000000
116 366.000000 366.000000
117 366.000000 366.000000
118 366.000000 366.000000
119 366.000000 366.000000
120 366.000000 366.000000
121 366.000000 366.000000
122 366.000000 366.000000
123 366.000000 366.000000
124 366.000000 366.000000
125 366.000000 366.000000
126 366.000000 366.000000
127 366.000000 366.000000
128 366.000000 366.000000
129 366.000000 366.000000
130 366.000000 366.000000
131 366.000000 366.000000
132 366.000000 366.000000
133 366.000000 366.000000
134 366.000000 366.000000
135 366.000000 366.000000
136 366.000000 366.000000
137 366.000000 366.000000
138 366.000000 366.000000
139 366.000000 366.000000
140 366.000000 366.000000
141 366.000000 366.000000
142 366.000000 366.000000
143 366.000000 366.000000
144 366.000000 366.000000
145 366.000000 366.000000
146 366.000000 366.000000
147 366.000000 366.000000
148 366.000000 366.000000
149 366.000000 366.000000
150 366.000000 366.000000
151 366.000000 366.000000
152 366.000000 366.000000
153 366.000000 366.000000
154 366.000000 366.000000
155 366.000000 366.000000
156 366.000000 366.000000
157 366.000000 366.000000
158 366.000000 366.000000
159 366.000000 366.000000
160 366.000000 366.000000
161 366.000000 366.000000
162 366.000000 366.000000
163 366.000000 366.000000
164 366.000000 366.000000
165 366.000000 366.000000
166 366.000000 366.000000
167 366.000000 366.000000
168 366.000000 366.000000
169 366.000000 366.000000
170 366.000000 366.000000
171 366.000000 366.000000
172 366.000000 366.000000
173 366.000000 366.000000
174 366.000000 366.000000
175 366.000000 366.000000
176 366.000000 366.000000
177 366.000000 366.000000
178 366.000000 366.000000
179 366.000000 366.000000
180 366.000000 366.000000
181 366.000000 366.000000
182 366.000000 366.000000
183 366.000000 366.000000
184 366.000000 366.000000
185 366.000000 366.000000
186 366.000000 366.000000
187 366.000000 366.000000
188 366.000000 366.000000
189 366.000000 366.000000
190 366.000000 366.000000
191 366.000000 366.000000
192 366.000000 366.000000
193 366.000000 366.000000
194 366.000000 366.000000
195 366.000000 366.000000
196 366.000000 366.000000
197 366.000000 366.000000
198 366.000000 366.000000
199 366.000000 366.000000
200 769.700000 769.700000
201 691.600000 691.600000
202 605.300000 605.300000
203 605.300000 605.300000
204 591.200000 591.200000
205 586.200000 586.200000
206 586.200000 586.200000
207 577.300000 577.300000
208 573.300000 573.300000
209 545.100000 545.100000
210 541.200000 541.200000
211 541.200000 541.200000
212 515.700000 515.700000
213 515.700000 515.700000
214 495.600000 495.600000
215 495.600000 495.600000
216 495.600000 495.600000
217 495.600000 495.600000
218 495.600000 495.600000
219 470.200000 470.200000
220 470.200000 470.200000
221 470.200000 470.200000
222 470.200000 470.200000
223 470.200000 470.200000
224 470.200000 470.200000
225 470.200000 470.200000
226 470.200000 470.200000
227 470.200000 470.200000
228 470.200000 470.200000
229 470.200000 470.200000
230 470.200000 470.200000
231 470.200000 470.200000
232 470.200000 470.200000
233 470.200000 470.200000
234 470.200000 470.200000
235 470.200000 470.200000
236 470.200000 470.200000
237 470.200000 470.200000
238 470.200000 470.200000
239 470.200000 470.200000
240 470.200000 470.200000
241 470.200000 470.200000
242 470.200000 470.200000
243 470.200000 470.200000
244 470.200000 470.200000
245 470.200000 470.200000
246 470.200000 470.200000
247 470.200000 470.200000
248 470.200000 470.200000
249 470.200000 470.200000
250 470.200000 470.200000
251 470.200000 470.200000
252 470.200000 470.200000
253 470.200000 470.200000
254 470.200000 470.200000
255 470.200000 470.200000
256 470.200000 470.200000
257 470.200000 470.200000
258 470.200000 470.200000
259 470.200000 470.200000
260 465.400000 465.400000
261 465.400000 465.400000
262 454.600000 454.600000
263 411.300000 411.300000
264 411.300000 411.300000
265 411.300000 411.300000
266 411.300000 411.300000
267 411.300000 411.300000
268 411.300000 411.300000
269 411.300000 411.300000
270 411.300000 411.300000
271 411.300000 411.300000
272 411.300000 411.300000
273 411.300000 411.300000
274 411.300000 411.300000
275 411.300000 411.300000
276 411.300000 411.300000
277 411.300000 411.300000
278 411.300000 411.300000
279 411.300000 411.300000
280 411.300000 411.300000
281 411.300000 411.300000
282 411.300000 411.300000
283 411.300000 411.300000
284 411.300000 411.300000
285 411.300000 411.300000
286 411.300000 411.300000
287 411.300000 411.300000
288 411.300000 411.300000
289 411.300000 411.300000
290 411.300000 411.300000
291 411.300000 411.300000
292 411.300000 411.300000
293 411.300000 411.300000
294 411.300000 411.300000
295 411.300000 411.300000
296 411.300000 411.300000
297 411.300000 411.300000
298 411.300000 411.300000
299 411.300000 411.300000
300 411.300000 411.300000
301 411.300000 411.300000
302 411.300000 411.300000
303 411.300000 411.300000
304 411.300000 411.300000
305 411.300000 411.300000
306 411.300000 411.300000
307 411.300000 411.300000
308 411.300000 411.300000
309 411.300000 411.300000
310 411.300000 411.300000
311 411.300000 411.300000
312 411.300000 411.300000
313 411.300000 411.300000
314 411.300000 411.300000
315 411.300000 411.300000
316 411.300000 411.300000
317 411.300000 411.300000
318 411.300000 411.300000
319 411.300000 411.300000
320 411.300000 411.300000
321 411.300000 411.300000
322 411.300000 411.300000
323 411.300000 411.300000
324 411.300000 411.300000
325 411.300000 411.300000
326 411.300000 411.300000
327 411.300000 411.300000
328 411.300000 411.300000
329 411.300000 411.300000
330 411.300000 411.300000
331 411.300000 411.300000
332 411.300000 411.300000
333 411.300000 411.300000
334 411.300000 411.300000
335 411.300000 411.300000
336 411.300000 411.300000
337 411.300000 411.300000
338 411.300000 411.300000
339 411.300000 411.300000
340 411.300000 411.300000
341 411.300000 411.300000
342 411.300000 411.300000
343 411.300000 411.300000
344 411.300000 411.300000
345 411.300000 411.300000
346 411.300000 411.300000
347 411.300000 411.300000
348 411.300000 411.300000
349 411.300000 411.300000
350 411.300000 411.300000
351 411.300000 411.300000
352 411.300000 411.300000
353 411.300000 411.300000
354 411.300000 411.300000
355 411.300000 411.300000
356 411.300000 411.300000
357 411.300000 411.300000
358 411.300000 411.300000
359 411.300000 411.300000
360 411.300000 411.300000
361 411.300000 411.300000
362 411.300000 411.300000
363 411.300000 411.300000
364 411.300000 411.300000
365 411.300000 411.300000
366 411.300000 411.300000
367 411.300000 411.300000
368 411.300000 411.300000
369 411.300000 411.300000
370 411.300000 411.300000
371 411.300000 411.300000
372 411.300000 411.300000
373 411.300000 411.300000
374 411.300000 411.300000
375 411.300000 411.300000
376 411.300000 411.300000
377 411.300000 411.300000
378 411.300000 411.300000
379 411.300000 411.300000
380 411.300000 411.300000
381 411.300000 411.300000
382 411.300000 411.300000
383 411.300000 411.300000
384 411.300000 411.300000
385 411.300000 411.300000
386 411.300000 411.300000
387 411.300000 411.300000
388 411.300000 411.300000
389 411.300000 411.300000
390 411.300000 411.300000
391 411.300000 411.300000
392 411.300000 411.300000
393 411.300000 411.300000
394 411.300000 411.300000
395 411.300000 411.300000
396 411.300000 411.300000
397 411.300000 411.300000
398 411.300000 411.300000
399 411.300000 411.300000
400 765.000000 765.000000
401 658.400000 658.400000
402 586.100000 586.100000
403 502.300000 502.300000
404 496.000000 496.000000
405 481.900000 481.900000
406 469.900000 469.900000
407 469.900000 469.900000
408 469.900000 469.900000
409 423.600000 423.600000
410 423.600000 423.600000
411 423.600000 423.600000
412 423.600000 423.600000
413 423.600000 423.600000
414 423.600000 423.600000
415 423.600000 423.600000
416 423.600000 423.600000
417 423.600000 423.600000
418 423.600000 423.600000
419 423.600000 423.600000
420 423.600000 423.600000
421 423.600000 423.600000
422 423.600000 423.600000
423 423.600000 423.600000
424 423.600000 423.600000
425 423.600000 423.600000
426 423.600000 423.600000
427 423.600000 423.600000
428 423.600000 423.600000
429 423.600000 423.600000
430 423.600000 423.600000
431 423.600000 423.600000
432 385.800000 385.800000
433 373.300000 373.300000
434 373.300000 373.300000
435 373.300000 373.300000
436 373.300000 373.300000
437 373.300000 373.300000
438 373.300000 373.300000
439 373.300000 373.300000
440 373.300000 373.300000
441 373.300000 373.300000
442 373.300000 373.300000
443 373.300000 373.300000
444 373.300000 373.300000
445 373.300000 373.300000
446 373.300000 373.300000
447 373.300000 373.300000
448 373.300000 373.300000
449 373.300000 373.300000
450 373.300000 373.300000
451 373.300000 373.300000
452 373.300000 373.300000
453 373.300000 373.300000
454 373.300000 373.300000
455 373.300000 373.300000
456 373.300000 373.300000
457 373.300000 373.300000
458 373.300000 373.300000
459 373.300000 373.300000
460 373.300000 373.300000
461 373.300000 373.300000
462 373.300000 373.300000
463 373.300000 373.300000
464 373.300000 373.300000
465 373.300000 373.300000
466 373.300000 373.300000
467 373.300000 373.300000
468 373.300000 373.300000
469 373.300000 373.300000
470 373.300000 373.300000
471 373.300000 373.300000
472 373.300000 373.300000
473 373.300000 373.300000
474 373.300000 373.300000
475 373.300000 373.300000
476 373.300000 373.300000
477 373.300000 373.300000
478 373.300000 373.300000
479 373.300000 373.300000
480 373.300000 373.300000
481 373.300000 373.300000
482 373.300000 373.300000
483 373.300000 373.300000
484 373.300000 373.300000
485 373.300000 373.300000
486 373.300000 373.300000
487 373.300000 373.300000
488 373.300000 373.300000
489 373.300000 373.300000
490 373.300000 373.300000
491 373.300000 373.300000
492 373.300000 373.300000
493 373.300000 373.300000
494 373.300000 373.300000
495 373.300000 386.600000
496 373.300000 386.600000
497 373.300000 373.300000
498 373.300000 373.300000
499 373.300000 373.300000
500 373.300000 373.300000
501 373.300000 373.300000
502 373.300000 373.300000
503 373.300000 373.300000
504 373.300000 373.300000
505 373.300000 373.300000
506 373.300000 373.300000
507 373.300000 373.300000
508 373.300000 373.300000
509 373.300000 373.300000
510 373.300000 373.300000
511 373.300000 373.300000
512 373.300000 373.300000
513 373.300000 373.300000
514 373.300000 373.300000
515 373.300000 373.300000
516 373.300000 373.300000
517 373.300000 373.300000
518 373.300000 373.300000
519 373.300000 373.300000
520 373.300000 373.300000
521 373.300000 373.300000
522 373.300000 373.300000
523 373.300000 373.300000
524 373.300000 373.300000
525 373.300000 373.300000
526 373.300000 373.300000
527 373.300000 373.300000
528 373.300000 373.300000
529 373.300000 373.300000
530 373.300000 373.300000
531 373.300000 373.300000
532 373.300000 373.300000
533 373.300000 373.300000
534 373.300000 373.300000
535 373.300000 373.300000
536 373.300000 373.300000
537 373.300000 373.300000
538 373.300000 373.300000
539 373.300000 373.300000
540 373.300000 373.300000
541 373.300000 373.300000
542 373.300000 373.300000
543 373.300000 373.300000
544 373.300000 373.300000
545 373.300000 373.300000
546 373.300000 373.300000
547 373.300000 373.300000
548 373.300000 373.300000
549 373.300000 373.300000
550 373.300000 373.300000
551 373.300000 373.300000
552 373.300000 373.300000
553 373.300000 373.300000
554 373.300000 373.300000
555 373.300000 373.300000
556 373.300000 373.300000
557 373.300000 373.300000
558 373.300000 373.300000
559 373.300000 373.300000
560 373.300000 373.300000
561 373.300000 373.300000
562 373.300000 373.300000
563 373.300000 373.300000
564 373.300000 373.300000
565 373.300000 373.300000
566 373.300000 373.300000
567 373.300000 373.300000
568 373.300000 373.300000
569 373.300000 373.300000
570 373.300000 373.300000
571 373.300000 373.300000
572 373.300000 373.300000
573 373.300000 373.300000
574 373.300000 373.300000
575 373.300000 373.300000
576 373.300000 373.300000
577 373.300000 373.300000
578 373.300000 373.300000
579 373.300000 373.300000
580 373.300000 373.300000
581 373.300000 373.300000
582 373.300000 373.300000
583 373.300000 373.300000
584 373.300000 373.300000
585 373.300000 373.300000
586 373.300000 373.300000
587 373.300000 373.300000
588 373.300000 373.300000
589 373.300000 373.300000
590 373.300000 373.300000
591 373.300000 373.300000
592 373.300000 373.300000
593 373.300000 373.300000
594 373.300000 373.300000
595 373.300000 373.300000
596 373.300000 373.300000
597 373.300000 373.300000
598 373.300000 373.300000
599 373.300000 373.300000
600 671.600000 671.600000
601 621.200000 621.200000
602 589.500000 589.500000
603 521.700000 521.700000
604 521.700000 521.700000
605 521.700000 521.700000
606 521.700000 521.700000
607 504.400000 504.400000
608 479.400000 479.400000
609 479.400000 479.400000
610 479.400000 479.400000
611 479.400000 479.400000
612 479.400000 479.400000
613 479.400000 479.400000
614 479.400000 479.400000
615 479.400000 479.400000
616 479.400000 479.400000
617 479.400000 479.400000
618 470.200000 470.200000
619 470.200000 470.200000
620 469.500000 469.500000
621 469.500000 469.500000
622 469.500000 469.500000
623 469.500000 469.500000
624 469.500000 469.500000
625 469.500000 469.500000
626 469.500000 469.500000
627 469.500000 469.500000
628 469.500000 469.500000
629 469.500000 469.500000
630 469.500000 469.500000
631 469.500000 469.500000
632 469.500000 469.500000
633 469.500000 469.500000
634 469.500000 469.500000
635 469.500000 469.500000
636 444.500000 444.500000
637 444.500000 444.500000
638 444.500000 444.500000
639 444.500000 444.500000
640 444.500000 444.500000
641 444.500000 444.500000
642 444.500000 444.500000
643 444.500000 444.500000
644 444.500000 444.500000
645 444.500000 444.500000
646 444.500000 444.500000
647 444.500000 444.500000
648 444.500000 444.500000
649 444.500000 444.500000
650 444.500000 444.500000
651 444.500000 444.500000
652 444.500000 444.500000
653 444.500000 444.500000
654 444.500000 444.500000
655 444.500000 444.500000
656 444.500000 444.500000
657 444.500000 444.500000
658 430.400000 430.400000
659 415.500000 415.500000
660 415.500000 415.500000
661 415.500000 415.500000
662 415.500000 415.500000
663 415.500000 415.500000
664 415.500000 415.500000
665 415.500000 415.500000
666 415.500000 415.500000
667 415.500000 415.500000
668 415.500000 415.500000
669 415.500000 415.500000
670 415.500000 415.500000
671 415.500000 415.500000
672 415.500000 415.500000
673 415.500000 415.500000
674 415.500000 415.500000
675 415.500000 415.500000
676 415.500000 415.500000
677 415.500000 415.500000
678 415.500000 415.500000
679 415.500000 415.500000
680 415.500000 415.500000
681 415.500000 415.500000
682 415.500000 415.500000
683 415.500000 415.500000
684 415.500000 415.500000
685 415.500000 415.500000
686 415.500000 415.500000
687 415.500000 415.500000
688 415.500000 415.500000
689 415.500000 415.500000
690 415.500000 415.500000
691 415.500000 415.500000
692 415.500000 415.500000
693 415.500000 415.500000
694 415.500000 415.500000
695 415.500000 415.500000
696 415.500000 415.500000
697 415.500000 415.500000
698 415.500000 415.500000
699 415.500000 415.500000
700 415.500000 415.500000
701 415.500000 415.500000
702 415.500000 415.500000
703 415.500000 415.500000
704 415.500000 415.500000
705 415.500000 415.500000
706 415.500000 415.500000
707 415.500000 415.500000
708 415.500000 415.500000
709 415.500000 415.500000
710 415.500000 415.500000
711 415.500000 415.500000
712 415.500000 415.500000
713 415.500000 415.500000
714 415.500000 415.500000
715 415.500000 415.500000
716 415.500000 415.500000
717 415.500000 415.500000
718 415.500000 415.500000
719 415.500000 415.500000
720 415.500000 415.500000
721 415.500000 415.500000
722 415.500000 415.500000
723 415.500000 415.500000
724 415.500000 415.500000
725 415.500000 415.500000
726 415.500000 415.500000
727 415.500000 415.500000
728 415.500000 415.500000
729 415.500000 415.500000
730 415.500000 415.500000
731 415.500000 415.500000
732 415.500000 415.500000
733 415.500000 415.500000
734 415.500000 415.500000
735 415.500000 415.500000
736 415.500000 415.500000
737 415.500000 415.500000
738 415.500000 415.500000
739 415.500000 415.500000
740 415.500000 415.500000
741 415.500000 415.500000
742 415.500000 415.500000
743 415.500000 415.500000
744 415.500000 415.500000
745 415.500000 415.500000
746 415.500000 415.500000
747 415.500000 415.500000
748 415.500000 415.500000
749 415.500000 415.500000
750 415.500000 415.500000
751 415.500000 415.500000
752 415.500000 415.500000
753 415.500000 415.500000
754 415.500000 415.500000
755 415.500000 415.500000
756 415.500000 415.500000
757 415.500000 415.500000
758 415.500000 415.500000
759 415.500000 415.500000
760 415.500000 415.500000
761 415.500000 415.500000
762 415.500000 415.500000
763 415.500000 415.500000
764 415.500000 415.500000
765 415.500000 415.500000
766 415.500000 415.500000
767 415.500000 415.500000
768 415.500000 415.500000
769 415.500000 415.500000
770 415.500000 415.500000
771 415.500000 415.500000
772 415.500000 415.500000
773 415.500000 415.500000
774 415.500000 415.500000
775 415.500000 415.500000
776 415.500000 415.500000
777 415.500000 415.500000
778 415.500000 415.500000
779 415.500000 415.500000
780 415.500000 415.500000
781 415.500000 415.500000
782 415.500000 415.500000
783 415.500000 415.500000
784 415.500000 415.500000
785 415.500000 415.500000
786 415.500000 415.500000
787 415.500000 415.500000
788 415.500000 415.500000
789 415.500000 415.500000
790 415.500000 415.500000
791 415.500000 415.500000
792 415.500000 415.500000
793 415.500000 415.500000
794 415.500000 415.500000
795 415.500000 415.500000
796 415.500000 415.500000
797 415.500000 415.500000
798 415.500000 415.500000
799 415.500000 415.500000
800 1012.000000 1012.000000
801 916.900000 916.900000
802 852.500000 852.500000
803 750.900000 750.900000
804 724.400000 724.400000
805 686.600000 686.600000
806 655.800000 655.800000
807 655.000000 655.000000
808 655.000000 655.000000
809 655.000000 655.000000
810 590.300000 590.300000
811 590.300000 590.300000
812 550.800000 550.800000
813 550.800000 550.800000
814 550.800000 550.800000
815 550.800000 550.800000
816 550.800000 550.800000
817 550.800000 550.800000
818 550.800000 550.800000
819 550.800000 550.800000
820 550.800000 550.800000
821 550.800000 550.800000
822 550.800000 550.800000
823 550.800000 550.800000
824 550.800000 550.800000
825 550.800000 550.800000
826 550.800000 550.800000
827 549.900000 549.900000
828 542.200000 542.200000
829 532.900000 532.900000
830 519.900000 519.900000
831 519.900000 519.900000
832 519.900000 519.900000
833 519.900000 519.900000
834 519.900000 519.900000
835 519.900000 519.900000
836 519.900000 519.900000
837 519.900000 519.900000
838 519.900000 519.900000
839 519.900000 519.900000
840 519.900000 519.900000
841 519.900000 519.900000
842 519.900000 519.900000
843 519.900000 519.900000
844 519.900000 519.900000
845 519.900000 519.900000
846 519.900000 519.900000
847 519.900000 519.900000
848 519.900000 519.900000
849 519.900000 519.900000
850 519.900000 519.900000
851 519.900000 519.900000
852 519.900000 519.900000
853 519.900000 519.900000
854 519.900000 519.900000
855 519.900000 519.900000
856 519.900000 519.900000
857 519.900000 519.900000
858 519.900000 519.900000
859 519.900000 519.900000
860 519.900000 519.900000
861 519.900000 519.900000
862 519.900000 519.900000
863 519.900000 519.900000
864 519.900000 519.900000
865 519.900000 519.900000
866 519.900000 519.900000
867 519.900000 519.900000
868 519.900000 519.900000
869 519.900000 519.900000
870 519.900000 519.900000
871 519.900000 519.900000
872 519.900000 519.900000
873 519.900000 519.900000
874 519.900000 519.900000
875 519.900000 519.900000
876 519.900000 519.900000
877 519.900000 519.900000
878 519.900000 519.900000
879 519.900000 519.900000
880 519.900000 519.900000
881 519.900000 519.900000
882 519.900000 519.900000
883 519.900000 519.900000
884 519.900000 519.900000
885 519.900000 519.900000
886 519.900000 519.900000
887 519.900000 519.900000
888 519.900000 519.900000
889 519.900000 519.900000
890 519.900000 519.900000
891 519.900000 519.900000
892 519.900000 519.900000
893 519.900000 519.900000
894 519.900000 519.900000
895 519.900000 519.900000
896 519.900000 519.900000
897 519.900000 519.900000
898 519.900000 519.900000
899 519.900000 519.900000
900 519.900000 519.900000
901 519.900000 519.900000
902 519.900000 519.900000
903 519.900000 519.900000
904 519.900000 519.900000
905 519.900000 519.900000
906 519.900000 519.900000
907 519.900000 519.900000
908 519.900000 519.900000
909 519.900000 519.900000
910 519.900000 519.900000
911 519.900000 519.900000
912 519.900000 519.900000
913 519.900000 519.900000
914 519.900000 519.900000
915 519.900000 519.900000
916 519.900000 519.900000
917 519.900000 519.900000
918 519.900000 519.900000
919 519.900000 519.900000
920 519.900000 519.900000
921 519.900000 519.900000
922 519.900000 519.900000
923 519.900000 519.900000
924 519.900000 519.900000
925 475.000000 475.000000
926 475.000000 475.000000
927 475.000000 475.000000
928 475.000000 475.000000
929 475.000000 475.000000
930 475.000000 475.000000
931 475.000000 475.000000
932 475.000000 475.000000
933 475.000000 475.000000
934 475.000000 475.000000
935 475.000000 475.000000
936 475.000000 475.000000
937 475.000000 475.000000
938 475.000000 475.000000
939 475.000000 475.000000
940 475.000000 475.000000
941 475.000000 475.000000
942 475.000000 475.000000
943 475.000000 475.000000
944 475.000000 475.000000
945 475.000000 475.000000
946 475.000000 475.000000
947 473.000000 473.000000
948 473.000000 473.000000
949 435.200000 435.200000
950 435.200000 435.200000
951 435.200000 435.200000
952 435.200000 435.200000
953 435.200000 435.200000
954 435.200000 435.200000
955 435.200000 435.200000
956 435.200000 435.200000
957 435.200000 435.200000
958 435.200000 435.200000
959 435.200000 435.200000
960 435.200000 435.200000
961 435.200000 435.200000
962 435.200000 435.200000
963 435.200000 435.200000
964 435.200000 435.200000
965 435.200000 435.200000
966 435.200000 435.200000
967 435.200000 435.200000
968 435.200000 435.200000
969 435.200000 435.200000
970 435.200000 435.200000
971 435.200000 435.200000
972 435.200000 435.200000
973 435.200000 435.200000
974 435.200000 435.200000
975 435.200000 435.200000
976 416.700000 416.700000
977 416.700000 416.700000
978 416.700000 416.700000
979 416.100000 416.100000
980 416.100000 416.100000
981 416.100000 416.100000
982 416.100000 416.100000
983 416.100000 416.100000
984 416.100000 416.100000
985 416.100000 416.100000
986 416.100000 416.100000
987 416.100000 416.100000
988 416.100000 416.100000
989 416.100000 416.100000
990 416.100000 416.100000
991 416.100000 416.100000
992 416.100000 416.100000
993 416.100000 416.100000
994 416.100000 416.100000
995 416.100000 416.100000
996 416.100000 416.100000
997 416.100000 416.100000
998 416.100000 416.100000
999 416.100000 416.100000
