0 910.000000 867.000000
1 680.000000 837.500000
2 680.000000 811.500000
3 680.000000 791.000000
4 680.000000 741.000000
5 680.000000 728.000000
6 680.000000 732.000000
7 680.000000 703.000000
8 640.000000 724.000000
9 590.000000 676.000000
10 590.000000 675.000000
11 530.000000 662.500000
12 530.000000 633.500000
13 530.000000 602.000000
14 510.000000 629.000000
15 510.000000 591.500000
16 510.000000 595.000000
17 510.000000 592.500000
18 490.000000 607.000000
19 490.000000 608.000000
20 490.000000 597.000000
21 490.000000 628.000000
22 490.000000 616.500000
23 490.000000 612.000000
24 490.000000 636.000000
25 490.000000 607.000000
26 470.000000 588.500000
27 470.000000 616.000000
28 470.000000 601.000000
29 470.000000 609.000000
30 470.000000 622.500000
31 470.000000 630.000000
32 470.000000 622.500000
33 470.000000 647.000000
34 470.000000 639.000000
35 470.000000 625.500000
36 470.000000 629.500000
37 470.000000 622.000000
38 470.000000 596.500000
39 470.000000 599.000000
40 470.000000 614.500000
41 470.000000 574.500000
42 470.000000 536.000000
43 470.000000 546.000000
44 470.000000 584.500000
45 470.000000 557.000000
46 470.000000 542.000000
47 470.000000 575.500000
48 470.000000 624.500000
49 470.000000 578.500000
50 470.000000 616.000000
51 470.000000 595.000000
52 470.000000 603.000000
53 470.000000 605.000000
54 470.000000 581.500000
55 470.000000 611.000000
56 470.000000 627.500000
57 470.000000 656.500000
58 470.000000 624.500000
59 470.000000 625.000000
60 470.000000 604.500000
61 470.000000 588.500000
62 470.000000 565.000000
63 470.000000 554.500000
64 470.000000 573.500000
65 470.000000 601.500000
66 470.000000 575.500000
67 470.000000 591.500000
68 470.000000 578.500000
69 470.000000 584.500000
70 470.000000 581.000000
71 470.000000 598.500000
72 470.000000 621.000000
73 470.000000 608.500000
74 470.000000 583.000000
75 470.000000 595.000000
76 470.000000 621.500000
77 470.000000 608.500000
78 470.000000 598.000000
79 470.000000 609.500000
80 470.000000 602.000000
81 470.000000 611.500000
82 470.000000 616.000000
83 470.000000 604.000000
84 470.000000 610.000000
85 470.000000 597.000000
86 470.000000 573.500000
87 470.000000 609.000000
88 470.000000 617.000000
89 470.000000 608.500000
90 470.000000 605.500000
91 470.000000 587.000000
92 470.000000 595.000000
93 470.000000 610.000000
94 470.000000 589.500000
95 470.000000 615.500000
96 470.000000 605.500000
97 470.000000 591.500000
98 470.000000 617.000000
99 470.000000 617.000000
100 470.000000 621.500000
101 470.000000 631.000000
102 470.000000 618.000000
103 470.000000 600.000000
104 470.000000 602.500000
105 470.000000 582.000000
106 470.000000 588.000000
107 470.000000 578.500000
108 470.000000 629.000000
109 470.000000 625.000000
110 470.000000 624.000000
111 470.000000 582.000000
112 470.000000 603.000000
113 470.000000 604.500000
114 470.000000 611.500000
115 470.000000 602.000000
116 470.000000 564.000000
117 470.000000 562.000000
118 470.000000 574.500000
119 470.000000 535.500000
120 470.000000 558.000000
121 470.000000 555.500000
122 470.000000 557.000000
123 470.000000 603.000000
124 470.000000 613.000000
125 470.000000 630.000000
126 470.000000 616.500000
127 470.000000 586.500000
128 470.000000 569.500000
129 470.000000 634.000000
130 470.000000 579.000000
131 470.000000 639.500000
132 470.000000 623.500000
133 470.000000 617.500000
134 470.000000 630.000000
135 470.000000 654.000000
136 470.000000 650.000000
137 470.000000 642.000000
138 470.000000 625.500000
139 470.000000 619.500000
140 470.000000 613.500000
141 470.000000 612.000000
142 470.000000 623.500000
143 470.000000 622.000000
144 470.000000 625.000000
145 470.000000 602.000000
146 470.000000 595.000000
147 470.000000 558.000000
148 470.000000 570.000000
149 470.000000 640.500000
150 470.000000 597.500000
151 470.000000 577.000000
152 470.000000 577.500000
153 470.000000 596.000000
154 440.000000 594.500000
155 440.000000 572.000000
156 440.000000 598.500000
157 440.000000 618.500000
158 440.000000 618.500000
159 440.000000 608.500000
160 440.000000 634.500000
161 440.000000 628.000000
162 440.000000 626.500000
163 440.000000 607.000000
164 440.000000 602.000000
165 440.000000 619.500000
166 440.000000 603.500000
167 440.000000 572.500000
168 440.000000 589.500000
169 440.000000 584.000000
170 440.000000 590.500000
171 440.000000 596.500000
172 440.000000 576.000000
173 440.000000 590.000000
174 440.000000 602.000000
175 440.000000 626.000000
176 440.000000 583.500000
177 440.000000 605.000000
178 440.000000 613.500000
179 440.000000 627.000000
180 440.000000 634.500000
181 440.000000 591.000000
182 440.000000 576.500000
183 440.000000 561.000000
184 440.000000 577.500000
185 440.000000 578.500000
186 440.000000 597.000000
187 440.000000 606.000000
188 440.000000 632.000000
189 440.000000 624.500000
190 440.000000 654.000000
191 440.000000 632.000000
192 440.000000 639.000000
193 440.000000 642.000000
194 440.000000 584.000000
195 420.000000 571.000000
196 420.000000 573.500000
197 420.000000 582.000000
198 420.000000 590.000000
199 420.000000 615.500000
