0 780.000000 nan
1 730.000000 nan
2 700.000000 nan
3 670.000000 nan
4 600.000000 nan
5 600.000000 nan
6 600.000000 nan
7 600.000000 nan
8 600.000000 nan
9 600.000000 nan
10 600.000000 nan
11 600.000000 nan
12 600.000000 nan
13 550.000000 nan
14 550.000000 nan
15 550.000000 nan
16 540.000000 nan
17 540.000000 nan
18 540.000000 nan
19 540.000000 nan
20 540.000000 nan
21 540.000000 nan
22 540.000000 nan
23 540.000000 nan
24 540.000000 nan
25 540.000000 nan
26 540.000000 nan
27 540.000000 nan
28 540.000000 nan
29 540.000000 nan
30 540.000000 nan
31 540.000000 nan
32 540.000000 nan
33 540.000000 nan
34 540.000000 nan
35 540.000000 nan
36 540.000000 nan
37 540.000000 nan
38 540.000000 nan
39 540.000000 nan
40 540.000000 nan
41 540.000000 nan
42 540.000000 nan
43 540.000000 nan
44 540.000000 nan
45 540.000000 nan
46 540.000000 nan
47 540.000000 nan
48 540.000000 nan
49 540.000000 nan
50 540.000000 nan
51 540.000000 nan
52 540.000000 nan
53 540.000000 nan
54 540.000000 nan
55 540.000000 nan
56 540.000000 nan
57 540.000000 nan
58 540.000000 nan
59 540.000000 nan
60 540.000000 nan
61 540.000000 nan
62 540.000000 nan
63 540.000000 nan
64 540.000000 nan
65 540.000000 nan
66 540.000000 nan
67 540.000000 nan
68 540.000000 nan
69 540.000000 nan
70 540.000000 nan
71 540.000000 nan
72 540.000000 nan
73 540.000000 nan
74 540.000000 nan
75 540.000000 nan
76 540.000000 nan
77 540.000000 nan
78 540.000000 nan
79 540.000000 nan
80 540.000000 nan
81 540.000000 nan
82 540.000000 nan
83 540.000000 nan
84 540.000000 nan
85 540.000000 nan
86 540.000000 nan
87 540.000000 nan
88 540.000000 nan
89 540.000000 nan
90 540.000000 nan
91 540.000000 nan
92 540.000000 nan
93 540.000000 nan
94 540.000000 nan
95 540.000000 nan
96 540.000000 nan
97 540.000000 nan
98 540.000000 nan
99 540.000000 nan
100 540.000000 nan
101 540.000000 nan
102 540.000000 nan
103 540.000000 nan
104 540.000000 nan
105 540.000000 nan
106 540.000000 nan
107 540.000000 nan
108 540.000000 nan
109 540.000000 nan
110 540.000000 nan
111 540.000000 nan
112 540.000000 nan
113 540.000000 nan
114 540.000000 nan
115 540.000000 nan
116 540.000000 nan
117 540.000000 nan
118 540.000000 nan
119 540.000000 nan
120 540.000000 nan
121 540.000000 nan
122 540.000000 nan
123 540.000000 nan
124 540.000000 nan
125 540.000000 nan
126 540.000000 nan
127 540.000000 nan
128 540.000000 nan
129 540.000000 nan
130 540.000000 nan
131 540.000000 nan
132 540.000000 nan
133 540.000000 nan
134 540.000000 nan
135 540.000000 nan
136 540.000000 nan
137 540.000000 nan
138 540.000000 nan
139 540.000000 nan
140 540.000000 nan
141 540.000000 nan
142 540.000000 nan
143 540.000000 nan
144 540.000000 nan
145 540.000000 nan
146 540.000000 nan
147 540.000000 nan
148 540.000000 nan
149 540.000000 nan
150 540.000000 nan
151 540.000000 nan
152 540.000000 nan
153 540.000000 nan
154 540.000000 nan
155 540.000000 nan
156 540.000000 nan
157 540.000000 nan
158 540.000000 nan
159 540.000000 nan
160 540.000000 nan
161 540.000000 nan
162 540.000000 nan
163 540.000000 nan
164 540.000000 nan
165 540.000000 nan
166 540.000000 nan
167 540.000000 nan
168 540.000000 nan
169 540.000000 nan
170 540.000000 nan
171 540.000000 nan
172 540.000000 nan
173 540.000000 nan
174 540.000000 nan
175 540.000000 nan
176 540.000000 nan
177 540.000000 nan
178 540.000000 nan
179 540.000000 nan
180 540.000000 nan
181 540.000000 nan
182 540.000000 nan
183 540.000000 nan
184 540.000000 nan
185 540.000000 nan
186 540.000000 nan
187 540.000000 nan
188 540.000000 nan
189 540.000000 nan
190 540.000000 nan
191 540.000000 nan
192 540.000000 nan
193 540.000000 nan
194 540.000000 nan
195 540.000000 nan
196 540.000000 nan
197 540.000000 nan
198 540.000000 nan
199 540.000000 nan
